9501
9502
9628
9679
9682
9792
9795
9902
9903
9909
9919
9931
9932
9933
9934
9946
9981
9982
9987
9989
9991
9625
9901
9904
9911
9365
9907
9917
9936
9629
9908
9912
9918
9939
9905
9948
9621
9681
9906
9913
9915
9921
9937
9944
9945
9947
9983
9984
9988
9642
9781
9784
9959
9714
9744
9771
9791
4336
9734
9736
9737
9738
9785
9731
9746
9636
9675
9695
9696
9698
9699
9663
9665
9671
9674
9677
9684
9686
9688
9697
9728
9541
9566
9796
9793
9794
9797
9798
9723
7908
9727
9732
7121
9626
9949
7261
4826
9979
9942
9943
9602
9603
9608
9611
9617
9635
9644
9995
9321
9331
9342
9351
9403
9404
9405
9406
9407
9408
9422
9501
9601
9607
9615
9645
9646
9648
9654
9673
9678
9713
9715
9717
9721
9722
9733
9741
9742
9743
9745
9804
9821
9822
9843
9861
9866
9882
9891
9951
9953
9955
9963
9974
9354
9356
9361
9363
9468
9471
9472
9712
9716
9718
9724
9751
9752
9753
9761
9765
9801
9812
9828
9844
9863
9864
9885
9971
7135
7741
7904
8605
8606
9211
9241
9298
9341
1784
2968
3848
4641
7791
7903
8332
8428
8922
8923
7555
7607
7676
7906
8011
8325
9202
9726
9306
9364
9503
9631
9649
9693
1701
3527
8391
9201
9203
9205
9244
9281
9301
9311
9367
9402
9461
9467
9481
9482
9494
9521
9531
9561
9563
9616
9619
9641
9805
9865
9883
9965
9967
9977
9725
9766
1015
1054
2287
7827
8939
9312
9315
9466
9475
9497
9623
9651
9711
9755
9756
9831
9832
9884
9886
9613
9735
1055
9302
9304
9485
9605
9685
9773
9811
9827
9966
9969
8456
8521
9163
9458
9545
9633
9862
7443
7591
7715
7722
7812
7814
7823
7833
7844
7848
7876
7891
7892
7917
7918
7921
7941
7951
7958
7961
7984
8015
8022
8032
8061
8091
8152
8265
8303
8331
8401
8411
8422
8446
8501
8508
8531
8536
8574
8602
8802
8862
8916
8918
8924
8926
8932
8935
9051
9073
9081
9101
9108
9207
9212
9261
9269
9285
9291
9299
9421
9432
9581
2555
9606
9658
9893
9956
9968
9842
9853
8442
9985
9998
4617
9749
2343
9479
9774
2013
8921
7543
2011
5101
9964
9975
9997
9852
9833
9591
9415
9999
8433
9624
9881
9973
9247
8911
9824
8937
9892
9825
9871
9362
9845
9231
6211
9469
1106
7766
7824
7926
7931
8244
8261
8313
8326
8407
8414
8464
8607
8801
8913
9151
9251
9286
9287
9451
9493
7894
8321
9258
9418
9474
9496
9525
1033
1058
1063
1102
1107
1272
1462
1502
1505
1544
1613
1682
1853
2134
2717
2982
3051
3607
3632
3642
3721
3863
3921
3931
3991
4051
6824
6921
6932
7011
7204
7383
7447
7462
7471
7542
7545
7558
7559
7681
7688
7701
7772
7916
7957
8023
8033
8042
8081
8131
8191
8225
8232
8243
8251
8263
8277
8281
8434
8842
9571
7761
7815
7881
7902
9401
9411
9431
9443
9463
9473
9512
9514
7826
7863
7885
9661
9416
7913
7971
8455
9103
9175
9221
9672
7936
8465
8933
9257
7927
9414
9366
9355
9914
9922
9992
9993
9994
9923
9222
9243
9248
8934
9204
9034
9249
1311
1312
1313
1314
1315
1316
1317
1318
1319
1321
1323
1324
1325
1326
1328
1333
1335
1336
1338
1339
1351
1352
1353
1354
1355
1356
1357
1358
1359
1363
1399
3067
6546
8222
8226
8245
3035
3896
1334
7206
1343
8255
1331
1182
1349
3401
2181
1181
1411
3755
3894
1104
2591
1061
8224
1382
5022
1019
1031
5701
1441
3551
1087
2353
3891
8212
2352
6823
7335
1098
1747
1103
1432
8315
1034
8231
8219
8223
1060
1213
1214
1215
1216
1217
1222
1223
1261
1273
1274
1276
1383
3893
7351
8256
8264
8314
3861
1035
1108
1332
2151
3897
2034
1011
1504
1053
1018
1446
2512
6061
1056
1065
1066
1093
1094
1111
1186
1381
3892
1445
1711
2033
2548
1032
6301
1064
1068
2907
3026
3119
1361
1443
3071
3404
1073
1412
3452
3843
1115
9462
9515
9523
9551
9584
9573
7521
7895
9585
7122
7557
1131
2722
3078
4463
9104
7875
9524
9528
9627
9618
9632
9659
9491
9511
7831
7877
4421
1815
3898
3899
8218
3841
3849
3752
6665
1079
1404
3882
8084
8252
2133
8253
8502
8507
8517
8493
8505
8511
8512
8539
8541
8542
8461
8462
8463
8466
8467
8503
8516
8522
8523
8535
8506
8526
8528
8601
8441
8449
8468
8469
8495
9001
8395
8445
8491
8513
8514
8515
8524
8525
9962
9957
9954
9011
9014
8497
8647
9013
9005
8627
9004
9006
8931
9003
9263
8447
8494
8941
9012
8644
9007
9008
9009
9089
9851
9061
9062
9063
9067
9102
9105
9109
9113
9114
9121
9123
9124
9125
9131
9132
9133
9134
9137
9138
9145
9147
9153
9171
9172
9173
9174
9271
9288
9293
9294
9295
9074
9107
9111
9154
9155
9156
9152
9135
9122
9976
9141
9144
9146
9148
9136
9142
9143
9112
8851
9106
9254
9284
9289
9283
9872
9873
4416
9255
9223
9233
9292
9162
9164
9161
9071
9078
9036
9075
9076
9079
8852
9047
9072
9035
9041
9077
8805
8806
8861
8808
8809
8854
8807
8811
8813
8804
8855
8856
8857
8814
8831
9038
9044
9045
9055
8812
8751
8822
8899
8872
1973
8821
2141
8746
8749
8823
7991
8404
8443
8448
8453
8458
8403
8415
8405
8459
8451
8471
8413
8412
8406
8457
7361
8452
8408
8431
8454
8477
8532
8444
8317
8397
8398
8488
8604
9245
1611
8374
9296
9297
8915
8917
8919
8925
8936
9022
9027
9033
9086
9088
9256
8603
8608
8715
8731
8835
8843
9083
9084
8914
8927
8614
8629
8635
8742
9031
9056
9057
9091
9217
8435
8938
9024
9087
8912
9025
1078
8748
9082
9026
8392
8651
8701
8711
8754
8881
9265
8816
9054
1511
9053
8538
8302
8312
8534
8567
8625
8721
8537
8895
8556
9343
8426
8432
8423
8389
8421
8424
8437
8438
8425
8427
8388
7942
8031
8308
8355
8563
8622
8724
8732
8734
9064
9216
9218
9262
8409
9246
9215
3079
1442
9166
8551
8561
8565
8763
8771
7943
8722
8841
9213
9264
8472
9206
9219
3192
5654
3421
8474
5351
8884
8885
8891
8893
8894
8896
8897
8882
7948
8343
8346
8381
8478
8394
8476
8481
8482
8483
8484
8485
8475
8334
8338
8393
8396
8489
8351
8382
8384
8479
8486
8487
8347
2625
7871
9412
9441
9444
9446
9447
9449
9465
9423
9489
9433
9456
9487
9335
9336
9409
9457
9413
9488
7854
8121
9337
9483
9492
9417
7909
9438
9334
7707
7771
7776
7783
7841
7765
7842
7843
7845
7846
7855
7856
7751
7753
7754
7861
7864
7441
7742
7756
7781
7794
7849
7858
7874
7851
7852
7853
7847
7887
7755
7764
7782
7828
7811
7822
7825
7873
7884
7901
7872
7773
7813
9533
7821
7889
4061
8102
7905
7907
7914
7933
7938
7963
9419
7911
7912
7910
1403
7924
7932
7934
7935
7937
7955
6826
7915
7944
7981
7777
7925
7775
7797
7965
7964
7691
7695
7946
7973
7975
7986
8307
8337
8375
7711
7954
8021
8024
8043
8094
8341
8345
8378
3043
9574
8376
7949
7966
8064
8377
7983
8335
8344
8371
8637
8735
8737
8741
8832
8632
8641
8642
8736
8833
8733
8845
8834
9023
8844
8636
9021
7442
7451
7463
7522
7541
7552
7601
7602
7604
7605
7606
7608
7609
7621
7671
6961
7152
7425
7461
7468
7475
7531
7534
7546
7582
7603
7611
7614
7625
7627
7641
7642
7645
7661
7665
7667
7678
7687
6602
7141
7151
7161
7242
7481
7482
7491
7496
7511
7512
7514
7523
7524
7533
7544
7548
7551
7553
7554
7556
7574
7576
7577
7597
7615
7622
7623
7631
7651
7664
7666
7672
7683
7737
7738
7798
7686
7572
7693
7694
7071
7103
6533
8124
7437
7448
7495
7595
7662
7668
7679
7663
7497
7626
7211
7532
7561
7721
8055
8141
8103
8146
8148
8151
8153
8154
7692
8028
8035
8014
8026
8144
7731
8012
7739
7734
8147
8019
8105
7203
7412
7413
7415
7417
7421
7422
7423
7424
7215
7316
7391
7411
7414
7416
7418
7419
7431
7435
8111
7207
7213
7217
7231
7232
7241
7251
7384
7433
8107
8196
4524
7439
8106
7434
6861
7392
7331
7429
8112
7201
7396
8271
3082
8304
7216
6821
7214
7428
7021
6461
7218
8101
7245
7427
5091
6538
8194
3448
5914
6102
7323
7325
7345
8172
3824
7157
7483
7513
7581
7586
7587
6717
7107
7156
7535
7275
7585
7635
7051
7101
7123
7131
7134
7136
7142
7274
7478
7571
7573
7575
7588
7102
7165
7596
7634
7638
7547
7525
7536
1506
5216
3044
7271
6545
2042
3068
7696
7778
7785
7786
7792
7793
7705
7784
7787
7788
7702
7685
7736
7795
7779
7796
5623
7735
8034
7466
7636
7562
8262
8266
8267
8275
8278
8309
8311
8316
8322
8016
8097
8162
8274
8198
8276
8293
8044
2211
8051
8052
8096
8242
8193
5993
3956
8373
8566
8571
8305
8301
8363
3025
8356
8017
4005
2517
8013
7341
4321
7675
7467
8181
3842
3853
7314
7321
7322
7324
7326
7328
7329
7333
7397
8071
8072
8095
8166
8167
8171
8294
3844
3845
3864
8085
6953
7327
8161
7312
7336
7364
8075
8025
8041
2541
6841
4871
3862
3881
8383
9442
2987
8045
6914
6915
6916
6917
6814
6913
6942
7041
6911
6901
7061
7064
7081
7091
7119
7126
7084
7132
7004
7007
7038
7095
7106
7065
7009
7054
7055
7109
7108
6828
3888
7315
7332
2544
6732
6971
7311
7313
7334
7339
7371
7381
3773
3781
1016
1024
1057
1075
1121
1422
1447
1509
1608
1702
1797
1823
1951
1972
2071
2103
2171
2182
2263
2291
2582
2587
2713
2805
3021
3027
3083
3203
3317
3794
3813
3994
4341
4484
4661
5051
5912
5985
6222
6225
6267
6541
6662
6712
6713
6716
6836
6862
6877
6903
6951
8633
3772
3822
3825
3826
3871
3906
4191
6681
6702
6708
6718
6721
6733
6741
6832
6846
6852
6869
6952
3775
3851
3852
7205
3771
3886
6941
6964
7002
7233
7382
6825
6882
7031
7346
3776
2675
7317
6956
7348
7352
1185
2334
1051
7395
3024
6833
6922
3927
1779
6042
1025
2516
2165
3534
4817
6981
3297
3774
3902
3904
3905
3911
3925
4033
4043
4053
4251
6668
6715
6731
6744
6812
7001
7008
6661
6671
6822
6831
6834
6835
6842
6843
6844
6845
6851
6865
6871
6881
6883
6666
6669
6674
6675
6687
6691
6813
6815
6827
6904
6905
6909
6923
6931
6955
6983
6986
6987
6991
7047
3901
3903
4021
6686
6701
6706
6707
6714
6866
6891
6988
6811
6816
6874
3828
4001
4003
5831
6512
6711
7003
7045
7221
7227
6523
6524
6525
6536
6543
6564
6678
6994
6634
6663
3814
6709
4006
6515
6531
6535
6537
6562
6571
6585
6596
6629
6631
6641
6651
6654
6659
6924
6982
7006
3411
3816
3832
3958
3961
3962
3984
4007
5421
6657
6673
6902
7255
6221
1211
6414
6532
6511
6604
6601
3953
6566
6999
3907
3912
3922
4014
3132
3011
3705
5764
3784
3785
3791
6745
3751
2411
2967
3562
3707
3831
1218
1231
1271
1275
3742
3762
3765
3766
3812
3817
3823
3834
3836
3959
4131
3792
5434
6551
6645
6642
6644
6617
5251
6542
6611
6605
6603
6957
6974
7223
6975
7399
1901
4023
4102
4112
4116
4119
4024
4031
4103
4032
4041
4054
6703
4101
4115
4197
3543
4011
5313
4004
4111
4117
4158
4012
4013
4016
4017
4145
4062
4105
4184
4194
4204
5302
5328
5331
3362
3454
4104
4107
4121
4122
4143
3412
4153
4155
4175
4196
3522
4106
4151
1095
4185
6984
6996
6997
7225
7025
7037
7039
7075
7256
7035
7048
7104
7137
7263
7036
7078
6998
1017
7005
7046
4064
5308
5327
5344
5395
6534
6544
6561
6573
6576
6581
6613
6621
6624
6626
6627
6652
6658
6677
6653
6655
4156
5311
3405
3431
4152
1704
2317
2613
2652
2802
3014
3072
6704
6705
3731
1012
3738
3829
3704
3761
3941
3972
4261
5321
3554
3566
3947
4132
4181
4182
4264
8082
4838
3604
8076
3053
3971
3847
1401
3572
3584
3815
3818
3436
3513
1448
2026
2402
4141
4157
4174
4142
4265
4176
1013
4171
5324
6577
6579
6582
6584
3435
3481
4161
4823
4824
4873
5246
5342
5345
5348
5364
5371
5374
5384
5386
5388
5402
5403
5411
5431
5432
5441
5451
5469
5482
5554
5627
5754
5801
5802
5803
5808
5821
5826
5827
5844
5845
5856
5864
5921
5924
5928
5931
5932
5941
5944
5953
5961
5962
5964
5971
5975
5991
5995
6086
6219
6445
6521
6522
6578
6586
6591
6598
6599
6606
6685
5804
3062
6572
6575
6587
5305
5343
5346
5361
5363
5397
5433
5443
5841
6595
3846
8077
4681
1112
3992
3571
5473
1421
3074
7974
1531
6612
2513
2561
2586
2715
2408
7244
5042
5231
5237
5334
5212
5213
5314
5316
5317
5318
5325
5315
5301
4796
5151
5221
5224
5333
5335
5624
5306
5235
5256
5275
3193
1221
3821
3833
6191
3835
6574
5438
5446
5437
5445
5447
5825
5835
5853
5455
5851
5373
5375
5854
5037
5161
5836
5045
4002
5439
5454
2101
5366
5381
5391
5401
5404
5406
5408
5427
5453
5461
5467
6129
6227
1014
3022
5707
5925
5935
8239
6679
8079
2035
2202
1825
3441
5283
5731
7044
7077
3055
3314
3443
3768
3544
7224
4231
4063
4147
1071
5349
5865
2061
2522
7202
7234
2116
6672
5111
2661
7115
7105
7113
3819
5712
1782
6615
6616
3243
4201
4283
5307
2243
4207
3257
2135
5943
1141
1076
1733
3573
8254
2435
2161
8241
4214
5074
3703
3706
3723
3769
3811
3741
3743
3763
3764
1251
1394
3734
3951
3451
3581
3434
3701
3702
3722
3735
3754
2547
4205
2612
2906
1277
2925
3402
3437
3512
3524
3532
3555
3563
3564
3612
3708
3711
3712
3732
3993
4133
3442
3445
3446
3514
3533
3648
3737
3981
3582
3945
3621
3744
3749
1212
1241
1402
1406
2825
3413
3417
3432
3438
3453
3461
3471
3511
3521
3523
3526
3531
3546
3552
3561
3583
3601
3602
3608
3611
3615
3628
3643
3645
5052
3739
3525
3585
3603
2021
3553
3515
3995
5528
3709
3985
1252
1391
1427
2415
3403
3433
3605
3998
4126
4128
3997
3999
4124
3439
2492
2855
3415
2871
3206
2964
3425
2851
2595
4551
1501
1086
1398
1396
3474
3541
3626
3641
2742
1105
1393
2861
2965
3465
3545
4223
4225
4245
4273
4241
3464
5043
3455
3528
3081
4233
3542
5261
1431
3131
2023
3565
2662
2521
4715
3371
2841
1731
1551
1161
3223
5628
2741
5049
1705
2806
6226
1187
1188
2313
2635
2804
2988
3328
3633
4904
1566
1824
1873
2225
2396
3248
3295
3361
8621
1165
4353
2628
1423
1433
1435
1436
1438
2441
2461
1424
2451
1059
1437
1483
1703
1813
1826
1827
1834
1843
1463
1636
1645
1706
1721
1722
1723
1724
1738
1741
1742
1746
1749
1755
1767
1768
1775
1811
1812
1814
1816
1822
1829
1831
1841
1851
1852
1861
1862
1871
1902
1911
1921
1931
1934
1935
1023
1713
1718
1821
1719
1744
1759
1817
1832
1464
1844
1962
1847
1943
1735
1971
2831
1541
2132
1077
1183
1474
1507
1561
1567
1602
1606
1614
1616
1619
1621
1622
1623
1624
1625
1628
1631
1633
1671
1687
1689
1732
1754
1761
1766
1771
1785
1842
1906
1944
1965
1974
1991
2022
2041
2104
2984
1715
1096
1191
1081
1082
1097
1184
1171
2012
3646
1083
1067
1069
1444
2515
1189
1154
1426
1451
2106
2131
2036
1109
1021
1022
1052
1074
1091
1092
1132
1521
1948
1062
1072
1485
1037
1503
1508
1026
1036
1113
4541
3634
5011
2592
2593
3039
1046
2152
2404
2498
4836
1244
2371
3136
3155
1471
1562
1966
3118
1028
1045
2153
2597
2729
1043
2265
1099
3028
1452
2572
6412
3036
1175
2025
1151
2064
2253
2341
1127
2573
1534
1678
1693
1947
1949
1985
2037
2807
1135
1456
1536
1736
1941
2105
2142
3075
2542
2725
1525
1792
2051
2312
2801
5646
1027
2031
1454
2321
6413
4612
1472
3061
1461
1546
1967
1489
3194
1945
1946
1969
2032
2201
2275
2316
2719
6431
2241
4812
6212
1487
1484
1846
1486
1458
1488
1477
1647
1648
1654
1657
1679
1716
1753
1756
1764
1781
1788
1865
1752
2156
1794
1963
1964
1975
4813
1607
1634
1655
1674
1676
1688
1695
1751
1777
1778
1783
1961
1968
1981
1992
2015
2024
2082
2136
2162
2221
2331
2377
2403
2421
1942
1976
2014
2111
2114
2121
2191
2102
2144
2065
6229
1405
1243
2993
1774
1601
2681
1145
1156
1481
1473
1475
2063
2019
2223
2172
5855
2716
2157
2158
2159
2154
1617
2163
2231
2315
2318
2355
2405
2622
2728
2743
2771
2911
3202
2143
2155
2264
3038
6013
2543
2531
2552
2351
2518
2723
3181
5044
1773
1791
1787
1652
1757
1795
5625
1789
1786
1796
3631
2718
1641
1661
1685
1696
1658
1662
1683
1686
1697
1684
1691
1476
3141
2564
1681
1692
1663
1482
1153
4702
1769
4571
1793
3342
1428
4645
2951
4731
4815
3076
2952
2953
2954
2957
2961
2969
2986
2989
3341
3355
3344
3352
3356
2391
2401
2406
2407
2445
2465
2481
2394
2431
2471
2731
3652
2251
2332
2361
2496
2546
2642
2751
2803
2811
2914
2983
3042
3241
3247
3312
3318
3353
2909
4401
2273
2409
3112
2324
2721
2381
2671
2676
2691
2901
2902
2921
2922
2923
2924
2931
2985
2991
2992
3065
3145
3233
3244
3253
3261
3262
3263
3267
3281
3286
3291
3299
3331
3332
3333
3334
3335
2493
2614
2665
2904
2905
2926
2994
2995
3037
3073
3077
3085
3086
3116
3117
3122
3135
3137
3161
3162
3191
3209
3211
3214
3238
3315
3316
3351
4318
4711
4907
2641
2981
3023
3034
3059
3063
3066
3069
3084
3123
3146
3171
3195
3204
3212
3218
3224
3225
3274
3311
3319
3329
4301
4611
4841
3172
3151
3089
3284
4827
4664
3207
4844
2285
2903
3255
3264
3273
3343
3373
2821
2865
2941
1609
2761
3201
3231
3232
3234
3235
3237
3222
3114
3249
3176
3205
3208
3216
3227
3251
3252
2651
3012
3031
2553
4493
2912
2935
3064
2908
2913
3144
3052
3313
6432
2636
3056
2271
2272
2282
2283
2286
2288
2289
2497
2524
2526
2563
2565
2571
2611
2623
2624
2631
2632
2643
2645
2292
2525
2533
2562
2566
2574
2583
2584
2678
2685
2692
2693
2694
2711
2712
2724
2726
3142
2627
2281
2284
2616
2629
2262
2244
2532
2523
2626
2274
2551
2267
2545
2727
2974
3363
3381
4206
4211
3354
2975
2971
3293
3366
4247
3032
3143
3292
4254
4461
4623
4751
4758
4902
4208
2959
4765
4791
4413
4691
4707
3271
3372
4782
2973
4814
4708
4203
4209
4213
4221
4243
4255
4268
4281
4284
4285
4286
4287
2977
4212
4235
4941
5172
4202
3364
4163
4269
3467
2808
3466
3221
2581
2809
2752
2224
2242
2261
2511
2585
2596
2245
2514
2266
2554
2594
4334
2215
2252
2311
2673
3265
5268
5223
2295
3111
4537
2672
2314
3046
3124
2495
2491
3245
3258
4323
2203
2235
6419
2222
2204
2342
2254
2376
2382
2375
2322
2333
2374
2323
2362
5464
3147
2432
3651
3653
3256
4793
4671
5121
3029
3033
3087
3054
3134
3121
4872
3045
3016
4651
4822
4845
3013
3015
3041
5664
4335
4532
4675
4697
4328
4876
4926
4307
4615
5126
4424
6162
5041
3133
4761
4331
4389
4501
4567
4797
4837
4901
4816
3047
3125
3115
4703
5491
4531
3449
3444
6063
2735
3350
3336
8584
8713
8581
8582
8564
8583
8572
8573
4437
4441
4453
4454
4455
4431
4433
4434
4435
4443
4444
4339
4456
4462
4451
4458
4471
4423
4436
4438
5502
4414
4302
4303
4311
4317
4333
4337
4356
4357
4364
4371
4373
4382
4383
4384
4385
4386
4388
4411
4415
4417
4464
4472
4474
4481
4486
4494
4533
4535
4542
4543
4554
4561
4581
4583
4587
4614
4621
4624
4631
4635
4693
4694
4695
4696
4698
4701
4305
4306
4315
4332
4365
4381
4515
4536
4553
4566
4465
4475
4625
4485
4322
4326
4327
4354
4363
4511
4529
4576
4586
5763
4361
4482
6628
4562
4564
4584
4569
4585
4568
4565
4574
4589
4588
4387
4351
4507
4374
4724
4325
4521
4352
4338
4522
4634
4503
4513
4527
4539
4575
4504
4508
4528
4538
5046
4622
4655
4613
6074
5142
6095
5248
4267
4271
4266
5012
5021
5721
5725
6035
5724
5757
5643
5709
5711
5751
5986
4861
4881
5032
5113
5131
4858
5038
4652
4705
4706
4709
4714
4726
4735
4741
4744
4754
4759
5141
4727
4616
4725
5682
5683
5684
5685
5014
5236
5271
5501
5629
5631
5632
5652
5691
5692
5702
5706
5681
5492
5688
5694
5644
5409
5428
5425
5424
5812
5813
5861
5823
5824
5817
5449
5843
5062
5281
5282
5298
5025
5061
5063
5076
5084
5247
5252
5262
5263
5266
5291
5296
5481
5071
5241
5423
5503
5505
5512
5551
5552
5553
5571
5581
5612
5613
5621
5622
5641
5642
5655
5665
5673
5704
4721
4722
4756
4781
4811
4818
4819
4834
4835
4847
4849
4851
4854
4856
4874
4875
4879
4882
4884
4885
4891
4903
4908
4909
4921
4931
4942
4944
5081
5102
5104
5109
5122
5124
5144
4794
4905
4906
4927
4771
4855
5036
4839
4859
4762
4911
5103
5114
5611
5125
5165
5616
5922
5521
5541
6051
4825
5422
5583
5595
5667
5741
5753
5761
6411
5018
6097
6466
5756
5977
5752
5758
5759
5708
5106
5171
5176
5026
5047
5105
5107
5089
5508
5524
5525
5527
5529
5531
5534
5561
5563
5575
5645
5658
6024
5504
5506
5507
5513
5511
5095
5509
5582
5591
5614
5615
5617
5651
5653
5661
5662
5663
5666
5672
6023
6026
5035
5215
5626
5657
5671
6027
6041
5555
5556
5674
5735
6021
6029
5056
5175
5243
5341
5462
5463
5703
5811
5871
5966
6001
6002
6004
6005
6006
6031
6039
6067
5053
5476
5705
5737
5738
5768
5807
5915
5926
5988
6003
6017
6075
6083
6093
6089
5916
6071
5152
5383
5465
5633
5647
5096
5293
5715
5233
6028
6462
6043
5809
4877
5143
5133
5015
5017
5059
5066
5087
5146
5368
5766
5815
5911
5976
6045
6121
6372
6471
5245
6044
6015
5211
5232
5244
5249
5254
5258
5272
5347
5382
5472
5222
5242
5253
5392
5394
5398
5466
5396
5405
5234
6217
5154
5145
5085
5094
5689
6231
6415
4924
5367
6373
5292
6228
5294
6241
6433
6136
6034
6011
6116
5013
5057
6416
5048
5264
5973
6096
6446
4288
6438
6439
6441
6447
6451
6361
6456
6151
6454
6155
6442
6444
6371
6418
6467
6468
6374
6464
6463
6469
6422
6114
6367
6104
6218
6161
6181
6164
6174
6176
6365
6165
6243
6166
6163
6235
6171
5954
5951
5863
6443
6436
6343
6285
6363
6142
6099
6132
6134
6135
6137
6141
6214
6215
6224
6245
6247
6255
6261
6269
6271
6286
6291
6295
6305
6321
6325
6333
6336
6351
6369
6417
6312
6049
6118
6123
6125
6127
6133
6265
6287
6294
6223
6274
6289
6311
6213
6262
6281
6465
6341
6105
6037
6107
6124
6131
6216
6251
6273
6277
6252
6237
6268
6143
6091
6092
6342
5963
5981
6012
6077
6081
6082
6085
6088
6101
6019
6065
6153
6353
5913
5923
5927
5984
5872
5866
5862
5816
5987
5814
6307
6014
6109
6122
6278
8211
8233
8221
8723
7076
7083
1643
1646
6111
9986
9925
9996
9924
4704
9972
9978
9961
6112
4316
4308
9464
9526
9453
9454
9445
9448
9452
9655
9656
9657
9527
9534
9536
9537
9564
9535
5435
4506
4491
3625
9305
9307
9333
9495
9314
9313
7610
7637
7985
8385
8386
8439
5846
6676
6684
8339
8372
8066
8336
8342
8361
8333
4766
4772
4525
4505
5471
9176
9177
9178
6276
9484
9434
9435
9436
9437
9439
7472
2684
7273
7226
6167
9687
8291
8764
8765
8757
8761
8702
8743
8626
8628
8755
8758
8759
8617
8773
8747
8756
8611
8612
8762
8744
8745
8624
8552
8553
8554
8775
8615
8618
8631
8774
8529
8623
8616
8658
8753
8772
2412
9043
9037
9032
1734